0.1049      0.0371
0.2042      0.0856
0.3062      0.1306
0.4080      0.1700
0.5096      0.2049
0.6111      0.2342
0.7125      0.2597
0.8137      0.2816
0.9121      0.2998
1.0131      0.3159
1.1141      0.3298
1.2123      0.3420
1.3132      0.3528
1.4141      0.3619
1.5149      0.3703
1.6157      0.3776
1.7165      0.3843
1.8172      0.3905
1.9152      0.3958
2.0159      0.4007
2.1166      0.4052
2.2145      0.4093
2.3152      0.4129
2.4159      0.4164
2.5166      0.4198
2.6172      0.4226
2.7179      0.4255
2.8185      0.4282
2.9164      0.4303
3.0170      0.4328
3.1149      0.4345
3.2155      0.4355
3.3161      0.4362
3.4167      0.4374
3.6181      0.4469
3.7187      0.4477
3.8165      0.4485
3.9171      0.4492
4.0177      0.4499

